986769710
446016501
375556845
957486587
904541423
737865898
1953967723
526992636
1834046508
870682105
262070255
567527355
1819610380
2131857708
894967168
580554200
995854049
2134877800
2069436494
1801492454
438417583
760562382
1331946047
5095054933
422413387
72004042
1225650194
221863612
374827423
285442684
1293481510
873000574
729455547
1451051433
2010868300
1706776746
1740252463
1334088760
740191885
1518438230
5009900693
5050085555
1679818996
1385868484
51879840
1457651075
823095173
1697128437
671062879
586838089
1348690025
2069270389
1396686949
1062728625
1034616637
937808767
1010580341
2099597124
2128755164
755825180
1034547244
1503227862
608340046
266897391
1160426038
1826221307
5048646407
900144962
1590661381
5002642885
1794972784
1374946590
1300830915
1659463809
1320927485
2065628663
478425644
852622530
5018993801